1.000	0.000	0.000	0.000	0.000	0.000	0.000	0.000	0.000	
0.500	1.000	0.000	0.000	0.000	0.000	0.000	0.000	0.000	
0.750	-3.500	1.000	0.000	0.000	0.000	0.000	0.000	0.000	
1.000	-2.000	0.600	1.000	0.000	0.000	0.000	0.000	0.000	
1.000	0.000	-0.600	-3.000	1.000	0.000	0.000	0.000	0.000	
2.000	10.000	-5.100	0.833	7.482	1.000	0.000	0.000	0.000	
1.750	16.500	-7.700	2.833	11.904	1.654	1.000	0.000	0.000	
2.000	14.000	-6.600	4.333	11.281	1.607	3.289	1.000	0.000	
0.750	-1.500	0.500	1.167	0.272	0.061	1.992	0.837	1.000	

4.000	7.000	8.000	6.000	4.000	6.000	7.000	3.000	10.000	
0.000	-0.500	4.000	-2.000	8.000	1.000	3.500	-0.500	2.000	
0.000	0.000	10.000	-2.500	33.000	9.000	10.000	-3.000	2.500	
0.000	0.000	0.000	1.500	-4.800	-6.400	3.000	7.800	0.500	
0.000	0.000	0.000	0.000	11.400	-15.800	10.000	28.600	-2.000	
0.000	0.000	0.000	0.000	0.000	151.456	-68.325	-234.798	-11.702	
0.000	0.000	0.000	0.000	0.000	0.000	-1.526	11.716	15.495	
0.000	0.000	0.000	0.000	0.000	0.000	0.000	-31.474	-37.263	
0.000	0.000	0.000	0.000	0.000	0.000	0.000	0.000	3.263	
