size: 1000
max_val: 1000
block_num: 5
thread_per_block: 5
countsort start
countsort end
1000
==========
0
0
2
2
4
6
8
9
10
11
11
12
16
17
17
18
19
21
21
21
21
22
23
25
27
27
28
29
30
30
30
31
32
33
34
36
36
36
39
40
41
42
42
42
43
43
46
47
49
49
50
51
52
53
54
55
57
57
57
58
59
59
59
60
62
63
67
67
69
71
71
72
73
74
74
80
81
81
81
81
81
82
82
84
84
84
84
86
87
87
88
90
90
90
91
93
94
95
97
97
97
98
99
100
100
105
107
109
109
114
115
116
117
117
120
121
122
122
123
124
124
125
126
126
127
127
127
127
128
130
131
131
133
134
134
135
136
137
139
139
142
143
144
147
149
149
150
151
152
153
154
154
155
157
157
157
159
159
163
167
168
170
171
171
172
172
172
173
176
177
178
179
179
179
181
181
181
183
184
188
189
189
189
190
190
190
193
195
195
196
197
197
198
199
199
392
392
392
392
392
392
392
392
392
392
392
392
392
392
392
392
392
392
392
392
392
392
392
392
392
392
392
392
392
392
392
392
392
392
392
392
392
392
392
392
392
392
392
392
392
392
392
392
392
392
392
392
392
392
392
392
392
392
392
392
392
392
392
392
392
392
392
392
392
392
392
392
392
392
392
392
392
392
392
392
392
392
392
392
392
392
392
392
392
392
392
392
392
392
392
392
392
392
392
392
392
392
392
392
392
392
392
392
392
392
392
392
392
392
392
392
392
392
392
392
392
392
392
392
392
392
392
392
392
392
392
392
392
392
392
392
392
392
392
392
392
392
392
392
392
392
392
392
392
392
392
392
392
392
392
392
392
392
392
392
392
392
392
392
392
392
392
392
392
392
392
392
392
392
392
392
392
392
392
392
392
392
392
392
392
392
392
392
392
392
392
392
392
392
392
392
392
392
392
392
392
392
392
392
392
392
392
392
392
392
393
393
395
396
398
398
399
133
648
890
754
567
746
368
529
500
46
788
797
249
990
303
33
363
497
253
892
686
125
152
996
975
188
157
729
436
460
414
921
460
304
28
27
50
748
556
902
794
697
699
43
39
2
428
403
500
681
647
538
159
151
535
134
339
692
215
127
504
629
49
964
285
429
343
335
177
900
238
971
949
289
367
988
292
795
743
144
829
390
682
340
541
569
826
232
261
42
360
117
23
761
81
309
190
425
996
367
677
234
690
626
524
57
614
168
205
358
312
386
100
346
726
994
916
552
578
529
946
290
647
970
51
80
631
593
857
627
312
886
214
355
512
90
412
479
610
969
189
274
355
641
620
433
987
888
338
566
770
284
856
417
606
260
849
237
205
59
217
518
945
783
873
458
873
637
289
483
607
478
757
314
471
729
100
459
618
438
25
388
74
233
157
681
493
358
270
699
417
839
569
363
622
794
173
847
431
462
682
390
292
791
57
115
521
157
574
491
947
951
231
21
537
740
54
30
98
325
81
516
516
2
231
139
796
404
338
580
218
21
970
862
812
379
977
685
536
904
176
483
207
759
857
744
499
911
127
950
236
560
818
105
563
49
244
711
805
934
291
375
955
614
589
768
993
918
805
882
822
982
717
30
93
574
126
593
486
253
543
74
814
713
179
377
762
775
88
919
710
732
294
17
346
235
137
691
153
943
573
328
925
291
710
18
217
836
963
55
90
858
130
904
571
661
633
685
789
73
604
851
805
250
868
503
485
6
195
639
949
120
967
226
763
677
596
981
865
560
36
955
770
518
211
342
532
196
379
321
270
984
172
427
234
40
283
72
398
830
63
347
950
30
573
714
59
522
47
924
82
435
232
204
954
443
898
486
640
278
159
262
262
683
41
848
723
324
272
122
154
335
821
457
365
747
171
776
269
218
701
703
653
933
907
959
728
806
797
720
84
308
334
698
991
376
898
715
52
171
189
559
506
10
16
224
109
539
0
378
109
53
81
114
338
989
426
67
147
223
787
231
532
122
281
875
850
179
590
254
350
131
813
857
494
181
81
603
720
433
982
181
487
415
296
825
404
722
892
551
297
32
134
181
506
415
57
708
595
999
962
297
483
776
154
977
309
587
932
382
21
266
563
860
682
211
685
86
285
930
990
583
314
476
116
820
892
525
528
839
525
490
136
360
618
643
337
928
582
621
310
955
888
225
815
570
437
853
8
722
783
350
657
97
827
126
269
71
651
149
910
528
639
398
888
610
393
577
890
976
199
552
931
87
777
99
657
566
952
17
641
735
368
298
184
195
776
805
266
428
954
528
308
593
278
197
555
672
774
445
0
325
997
283
412
127
382
421
arr[999] = 421
Not sorted

real	0m1.713s
user	0m0.038s
sys	0m1.547s
